FRAME 3840 2160 0.08333333333333333 640
SCENARIO straight 60
1 400 1080.0 300
1 450 1086.6358 300
1 500 1093.0878 300
1 550 1099.177 300
1 600 1104.7348 300
1 650 1109.6071 300
1 700 1113.6588 300
1 750 1116.7778 300
1 800 1118.8775 300
1 850 1119.8998 300
1 900 1119.8163 300
1 950 1118.6294 300
1 1000 1116.3719 300
1 1050 1113.1064 300
1 1100 1108.9234 300
1 1150 1103.9389 300
1 1200 1098.2909 300
1 1250 1092.136 300
1 1300 1085.6448 300
1 1350 1078.9971 300
1 1400 1072.3773 300
1 1450 1065.9687 300
1 1500 1059.9489 300
1 1550 1054.4849 300
1 1600 1049.7279 300
1 1650 1045.8099 300
1 1700 1042.8394 300
1 1750 1040.8988 300
1 1800 1040.0418 300
1 1850 1040.2922 300
1 1900 1041.643 300
1 1950 1044.0569 300
1 2000 1047.4668 300
1 2050 1051.7784 300
1 2100 1056.8721 300
1 2150 1062.6067 300
1 2200 1068.8234 300
1 2250 1075.3498 300
1 2300 1082.0051 300
1 2350 1088.6048 300
1 2400 1094.966 300
1 2450 1100.9125 300
1 2500 1106.2795 300
1 2550 1110.9181 300
1 2600 1114.6999 300
1 2650 1117.52 300
1 2700 1119.3003 300
1 2750 1119.9915 300
1 2800 1119.5743 300
1 2850 1118.0604 300
1 2900 1115.4918 300
1 2950 1111.9395 300
1 3000 1107.502 300
1 3050 1102.3024 300
1 3100 1096.4847 300
1 3150 1090.2102 300
1 3200 1083.6527 300
1 3250 1076.994 300
1 3300 1070.4185 300
1 3350 1064.1086 300
SCENARIO two_cross 60
2 600 1100 300 3200 1060 280
2 3155 1060 280 645 1100 300
2 690 1100 300 3110 1060 280
2 3065 1060 280 735 1100 300
2 780 1100 300 3020 1060 280
2 2975 1060 280 825 1100 300
2 870 1100 300 2930 1060 280
2 2885 1060 280 915 1100 300
2 960 1100 300 2840 1060 280
2 2795 1060 280 1005 1100 300
2 1050 1100 300 2750 1060 280
2 2705 1060 280 1095 1100 300
2 1140 1100 300 2660 1060 280
2 2615 1060 280 1185 1100 300
2 1230 1100 300 2570 1060 280
2 2525 1060 280 1275 1100 300
2 1320 1100 300 2480 1060 280
2 2435 1060 280 1365 1100 300
2 1410 1100 300 2390 1060 280
2 2345 1060 280 1455 1100 300
2 1500 1100 300 2300 1060 280
2 2255 1060 280 1545 1100 300
2 1590 1100 300 2210 1060 280
2 2165 1060 280 1635 1100 300
2 1680 1100 300 2120 1060 280
2 2075 1060 280 1725 1100 300
2 1770 1100 300 2030 1060 280
2 1985 1060 280 1815 1100 300
2 1860 1100 300 1940 1060 280
2 1895 1060 280 1905 1100 300
2 1950 1100 300 1850 1060 280
2 1805 1060 280 1995 1100 300
2 2040 1100 300 1760 1060 280
2 1715 1060 280 2085 1100 300
2 2130 1100 300 1670 1060 280
2 1625 1060 280 2175 1100 300
2 2220 1100 300 1580 1060 280
2 1535 1060 280 2265 1100 300
2 2310 1100 300 1490 1060 280
2 1445 1060 280 2355 1100 300
2 2400 1100 300 1400 1060 280
2 1355 1060 280 2445 1100 300
2 2490 1100 300 1310 1060 280
2 1265 1060 280 2535 1100 300
2 2580 1100 300 1220 1060 280
2 1175 1060 280 2625 1100 300
2 2670 1100 300 1130 1060 280
2 1085 1060 280 2715 1100 300
2 2760 1100 300 1040 1060 280
2 995 1060 280 2805 1100 300
2 2850 1100 300 950 1060 280
2 905 1060 280 2895 1100 300
2 2940 1100 300 860 1060 280
2 815 1060 280 2985 1100 300
2 3030 1100 300 770 1060 280
2 725 1060 280 3075 1100 300
2 3120 1100 300 680 1060 280
2 635 1060 280 3165 1100 300
2 3210 1100 300 590 1060 280
2 545 1060 280 3255 1100 300
SCENARIO loss_return 26
1 1900 1080 300
1 1900 1080 300
1 1900 1080 300
1 1900 1080 300
1 1900 1080 300
1 1900 1080 300
1 1900 1080 300
1 1900 1080 300
1 1900 1080 300
1 1900 1080 300
0
0
0
0
0
0
1 2280 1080 300
1 2280 1080 300
1 2280 1080 300
1 2280 1080 300
1 2280 1080 300
1 2280 1080 300
1 2280 1080 300
1 2280 1080 300
1 2280 1080 300
1 2280 1080 300
SCENARIO long_loss 34
1 1900 1080 300
1 1900 1080 300
1 1900 1080 300
1 1900 1080 300
1 1900 1080 300
1 1900 1080 300
1 1900 1080 300
1 1900 1080 300
0
0
0
0
0
0
0
0
0
0
0
0
0
0
0
0
0
0
0
0
1 1500 900 300
1 1500 900 300
1 1500 900 300
1 1500 900 300
1 1500 900 300
1 1500 900 300
SCENARIO big_target 40
1 3400 300 300
1 3390 305 312
1 3380 310 324
1 3370 315 336
1 3360 320 348
1 3350 325 360
1 3340 330 372
1 3330 335 384
1 3320 340 396
1 3310 345 408
1 3300 350 420
1 3290 355 432
1 3280 360 444
1 3270 365 456
1 3260 370 468
1 3250 375 480
1 3240 380 492
1 3230 385 504
1 3220 390 516
1 3210 395 528
1 3200 400 540
1 3190 405 552
1 3180 410 564
1 3170 415 576
1 3160 420 588
1 3150 425 600
1 3140 430 612
1 3130 435 624
1 3120 440 636
1 3110 445 648
1 3100 450 660
1 3090 455 672
1 3080 460 684
1 3070 465 696
1 3060 470 708
1 3050 475 720
1 3040 480 732
1 3030 485 744
1 3020 490 756
1 3010 495 768
SCENARIO edge 50
1 1900 1080 260
1 1770 1010 260
1 1640 940 260
1 1510 870 260
1 1380 800 260
1 1250 730 260
1 1120 660 260
1 990 590 260
1 860 520 260
1 730 450 260
1 600 380 260
1 470 310 260
1 340 240 260
1 210 170 260
1 80 100 260
1 60 60 260
1 60 60 260
1 60 60 260
1 60 60 260
1 60 60 260
1 60 60 260
1 60 60 260
1 60 60 260
1 60 60 260
1 60 60 260
1 60 60 260
1 60 60 260
1 60 60 260
1 60 60 260
1 60 60 260
1 60 60 260
1 180 120 260
1 300 180 260
1 420 240 260
1 540 300 260
1 660 360 260
1 780 420 260
1 900 480 260
1 1020 540 260
1 1140 600 260
1 1260 660 260
1 1380 720 260
1 1500 780 260
1 1620 840 260
1 1740 900 260
1 1860 960 260
1 1980 1020 260
1 2100 1080 260
1 2220 1140 260
1 2340 1200 260
SCENARIO shrink 35
1 1900 1080 900.0
1 1920 1072 875.0
1 1940 1064 850.0
1 1960 1056 825.0
1 1980 1048 800.0
1 2000 1040 775.0
1 2020 1032 750.0
1 2040 1024 725.0
1 2060 1016 700.0
1 2080 1008 675.0
1 2100 1000 650.0
1 2120 992 625.0
1 2140 984 600.0
1 2160 976 575.0
1 2180 968 550.0
1 2200 960 525.0
1 2220 952 500.0
1 2240 944 475.0
1 2260 936 450.0
1 2280 928 425.0
1 2300 920 400.0
1 2320 912 375.0
1 2340 904 350.0
1 2360 896 325.0
1 2380 888 300.0
1 2400 880 275.0
1 2420 872 250.0
1 2440 864 225.0
1 2460 856 200.0
1 2480 848 200.0
1 2500 840 200.0
1 2520 832 200.0
1 2540 824 200.0
1 2560 816 200.0
1 2580 808 200.0
SCENARIO empty_start 23
0
0
0
1 1000 800 240
1 1000 800 240
1 1000 800 240
1 1000 800 240
1 1000 800 240
1 1000 800 240
1 1000 800 240
1 1000 800 240
1 1000 800 240
1 1000 800 240
1 1000 800 240
1 1000 800 240
1 1000 800 240
1 1000 800 240
1 1000 800 240
1 1000 800 240
1 1000 800 240
1 1000 800 240
1 1000 800 240
1 1000 800 240
